1 480 352 0
1 512 352 0
1 544 352 0

31 480 384 z
31 496 384 x
31 512 384 x
31 528 384 x
31 544 384 x
31 560 384 c

1000 0 0 7
1000 0 0 9

29 64 400 64 16 Platform_5_Instructions.txt

5 976 369

1009 64 513
8 160 352 0 160 0 32 384 0 270 500 

8 288 352 0 576 48 96 528 800 0 200
8 320 352 0 576 48 96 528 400 0 200

1 96 513 0
1 128 513 0
1 160 513 0

1021 192 512

1 288 513 0
1 320 513 0
1 352 513 0
1 382 513 0
1 416 513 0
1 448 513 0
1 480 513 0
1 512 513 0
1 544 513 0
1 576 513 0
1 608 513 0
1 640 513 0
1 672 513 0
1 704 513 0
1 736 513 0
1 768 513 0
1 800 513 0
1 832 513 0
1 864 513 0
1 896 513 0
1 928 513 0
