9001 0 0
1 224 512 0
1 368 448 0
1 736 528 0
1 735 447 180
1 880 480 0
1 880 399 180

1 752 352 0
1 784 352 0
1 816 352 0
1 848 352 0
1 880 352 0
1 672 96 0
55 670 514
55 619 392
555 960 32
5 176 512
5 320 496
5 416 496
5 832 512
5 960 288
5 688 32



1 671 287 180

1 752 192 0
1 735 127 180

6 624 376 32 8 Platform_5_Instructions.txt
9 784 32 Tutorial_To_World_1_Door.txt
16 914 544 570 0 0 0
16 946 544 570 0 0 0
16 978 544 570 0 0 0
10 576 480

1 128 336 0
1 159 303 180
1 192 336 0
1 223 303 180
1 256 336 0
1 287 303 180
1 320 336 0