16 388 544 700 0 0 0
16 420 544 700 0 0 0
16 452 544 700 0 0 0
16 484 544 700 0 0 0

1016 516 496

16 576 544 700 0 0 0
16 608 544 700 0 0 0
16 640 544 700 0 0 0
16 672 544 700 0 0 0

35 176 320
35 288 320
35 400 320

35 624 320
35 736 320
35 848 320

1017 176 448


36 192 336 32 16 0 0 0 905 380
36 304 336 32 16 0 1 0 1961 460
36 416 336 32 16 0 3 0 3993 460
36 640 336 32 16 0 4 0 4985 380
36 752 336 32 16 0 6 0 7033 524
36 864 336 32 16 0 9 0 9673 524

36 512 0 64 32 1 0 0 534 554
38 512 -32

1019 482 152

5 464 320
5 496 320
5 528 320
5 560 320
5 592 320
1020 464 336 160 16
3434 0 0